25331250
30397500
30397500
30397500
30397500
30397500
30397500
30397500
30397500
30397500
30397500
30397500
30397500
30397500
30397500
30397500
30397500
30397500
30397500
30397500
30397500
30397500
30397500
30397500
30397500
30397500
30397500
30397500
30397500
30397500
30397500
30397500
30397500
30397500
30397500
30397500
30397500
30397500
30397500
30397500
30397500
30397500
30397500
30397500
30397500
30397500
30397500
30397500
30397500
30397500
30397500
30397500
30397500
30397500
30397500
30397500
30397500
30397500
30397500
30397500
30397500
30397500
30397500
30397500
30397500
30397500
30397500
30397500
30397500
30397500
30397500
30397500
30397500
30397500
30397500
30397500
30397500
30397500
30397500
30397500
30397500
30397500
30397500
30397500
30397500
30397500
30397500
30397500
30397500
30397500
30397500
30397500
30397500
30397500
30397500
30397500
30397500
30397500
30397500
30397500
30397500
